Test: Log Probabilities

array([-229.65762654, -250.92872524, -252.26423795, -251.78577218, -251.10428568, -250.76204329, -245.60917944, -249.08025852, -242.04555661, -250.9907337 , -245.29486709, -239.18420367,-251.10428568, -250.42351331, -250.21175508, -249.83419876])
-229.65762654

array([-187.90927757, -209.07228187, -210.45050853, -209.94220563, -209.27139615, -208.93347852, -200.2327269 , -211.8380433 , -204.74199978, -209.20555403, -203.46895013, -201.97549772, -209.24992688, -208.57994676, -208.36818853, -207.99063221])
-187.90927757

array([-245.2861802 , -254.60693486, -255.97172872, -255.43979831,-254.82965815, -254.49595635, -236.44986501, -257.33813929, -250.25986835, -254.75325181, -248.61284256, -247.63680848, -254.80841691, -254.12764454, -253.88933138, -253.53833])

-236.44986501

array([-246.02722545, -254.62349065, -256.08491202, -255.49882079, -254.91061824, -254.5516826 , -236.52037131, -257.40177955, -250.29962822, -254.78913661, -248.71774014, -247.55382411, -254.87892321, -254.15481651, -253.93255831, -253.5698602])
-236.52037131

array([-285.90846045, -303.90647969, -305.29000847, -305.46327347, -304.06218437, -303.79702116, -304.59432553, -305.63639929, -304.85470702, -304.42185341, -298.73803001, -296.93142139, -304.10374022, -305.9109166 , -304.55963097, -302.94927949])
-285.90846045

array([-248.35241371, -257.86190402, -259.16442849, -258.72291297, -257.83529255, -257.72114368, -252.593997  , -256.02232217, -239.13766038, -257.98527366, -251.86781171, -250.89177764, -258.05259382, -257.36118125, -257.17085547, -256.79329915])
-239.13766038

array([-218.41721813, -237.28618329, -238.75911779, -238.65967256, -237.49343875, -237.16384794, -237.9697984 , -238.98996395, -238.20124502, -237.93357273, -231.97582774, -230.39681106, -237.41785779, -238.61011048, -237.63960659, -236.2785925 ])
-218.41721813

array([-197.0232908 , -218.18628993, -219.56777753, -219.02309076, -218.40642221, -218.04748657, -209.34776868, -220.96501582, -213.80062269, -218.30815425, -212.23030616, -211.22285883, -218.36393494, -217.69395482, -217.40031781, -217.06566417])
-197.0232908

array([-247.62848365, -266.42124377, -267.93904283, -268.01769383, -266.62763506, -266.3070949 , -267.12234984, -268.14637397, -267.32411498, -267.1211663 , -261.14607783, -259.54452694, -266.59837705, -267.75616984, -266.79992078, -265.42720997])
-247.62848365

array([-235.16904721, -256.31900634, -257.68044066, -257.21277647, -256.54172963, -256.14754991, -247.49458299, -259.07804517, -251.9919245 , -256.47660246, -250.34225752, -249.34887996, -256.53116541, -255.83971602, -255.60140286, -255.25040147])
-235.16904721

array([-285.3687526 , -306.50548336, -307.93257842, -307.3167092 ,-306.68745005, -306.28287186, -301.21635489, -304.64753261,-297.6637167 , -306.66501753, -300.50695868, -294.93345368,-306.56988882, -306.03941026, -305.8010971 , -305.45009571])
-285.3687526

array([-213.90237783, -235.06538075, -236.46940197, -235.88519941, -235.28551303, -234.9265774 , -226.2279126 , -237.77408738, -230.74484722, -235.18724507, -229.46204901, -227.90816742, -235.25381801, -234.59402837, -234.33473248, -233.944755  ])
-213.90237783

prob: 2.055437261399765e-83


Random: log probabilities
array([-401.59467493, -411.02930921, -412.36482192, -411.88635615, -411.20486965, -410.86262725, -405.70976341, -409.18084249, -392.20338424, -411.09131767, -405.39545106, -399.28478764, -411.20486965, -410.52409728, -410.31233905, -409.93478273])
-392.20338424

array([-402.91659216, -412.32184593, -413.70007259, -413.19176969, -412.52096021, -412.18304258, -407.01517695, -410.47248684, -393.52986421, -412.45511809, -406.71851419, -400.60994126, -412.49949094, -411.82951082, -411.61775259, -411.24019627])
-393.52986421

array([-401.51652413, -411.01943383, -412.3842277 , -411.85229728, -411.24215713, -410.90845532, -406.11209528, -409.13551774, -392.27295269, -411.16575079, -405.02534153, -399.43418693, -411.22091589, -410.54014352, -410.30183035, -409.95082897])
-392.27295269

array([-399.49272304, -408.1842076 , -409.64562897, -409.05953774, -408.47133519, -408.11239955, -402.9270142 , -406.34737599, -389.52522144, -408.34985356, -402.27845709, -396.49942054, -408.43964016, -407.71553346, -407.49327525, -407.13057715])
-389.52522144

array([-401.68038743, -410.48781519, -411.78440829, -411.35229409, -410.64351987, -410.37835666, -405.1811462 , -408.61368519, -391.71735697, -410.59814004, -404.44506179, -398.71548134, -410.59814004, -410.0164628 , -409.75716692, -409.44367931])
-391.71735697

array([-405.02040123, -414.52989154, -415.83241601, -415.39090049, -414.50328007, -414.3891312 , -409.26198452, -412.69030969, -395.8056479 , -414.65326118, -408.53579923, -407.55976516, -414.72058134, -414.02916877, -413.83884299, -413.46128667])
-395.8056479

array([-404.01292054, -413.3691161 , -414.65989555, -414.20420344, -413.57637156, -413.24678075, -408.05821638, -411.49869121, -394.60777421, -413.4781036 , -407.36644566, -401.77768766, -413.5007906 , -412.90543838, -412.625591  , -412.27458962])
-394.60777421

array([-401.97960573, -411.51915736, -412.90064496, -412.3559582 , -411.73928964, -411.38035401, -406.60757224, -409.68276274, -392.78750643, -411.64102168, -405.56317359, -399.94060575, -411.69680237, -411.02682225, -410.73318525, -410.39853161])
-392.78750643

array([-403.25657628, -412.61122537, -414.01327468, -413.52897653, -412.89128997, -412.56815239, -407.40272477, -410.84200072, -393.91629021, -412.81404002, -406.66738901, -401.11362408, -412.80250054, -412.19984059, -411.96152742, -411.64803981])
-393.91629021

array([-404.54365194, -413.96410139, -415.39496476, -414.86823656, -414.17049267, -413.84995252, -408.67069263, -412.08518197, -395.24423172, -414.12562198, -407.99662056, -402.38532835, -414.05429898, -413.51142255, -413.24583   , -412.8831319 ])
-395.24423172

array([-401.75943663, -411.15521027, -412.51664459, -412.0489804 , -411.37793356, -410.98375384, -405.84406636, -413.91424909, -392.38161367, -411.31280638, -405.17846144, -399.56996337, -411.36736934, -410.67591995, -410.43760679, -410.0866054 ])
-392.38161367

array([-397.66901529, -407.05537185, -408.48246691, -407.86659768, -407.23733854, -406.83276035, -401.76624338, -405.1974211 , -388.3613583 , -407.21490602, -401.05684717, -395.48334216, -407.11977731, -406.58929875, -406.35098558, -405.9999842 ])
-388.3613583

array([-399.63303244, -409.13811459, -410.54213581, -409.95793324, -409.35824687, -408.99931123, -404.21773124, -407.2317007 , -390.33554418, -409.25997891, -403.53478284, -397.36578074, -409.32655184, -408.6667622 , -408.40746631, -408.01748883])
-390.33554418

prob: 2.623616869849958e-170

Heuristic: log probabilities
array([-206.21059943, -225.09941803, -226.61708578, -226.64877985, -225.27497846, -224.93273607, -225.77438705, -226.82515686, -225.99898838, -225.56647536, -220.33986359, -218.05695265, -225.36191415, -226.38181101, -225.47939626, -224.09182723])
-206.21059943

array([-205.60664309, -224.5012483 , -226.06162999, -226.06348694, -224.70036257, -224.36244494, -225.18909414, -226.25593881,-225.39429245, -225.03956933, -219.77222028, -217.49139982, -224.67889331, -225.7965181 , -224.89410335, -223.50653432])
-205.60664309

array([-205.18496166, -224.04128434, -225.58823325, -225.56646268, -224.26400764, -223.93030583, -224.61940574, -225.79218006, -224.91754408, -224.72600323, -218.92149576, -217.15809365, -224.32970208, -225.34959894, -224.42062926, -223.05961516])
-205.18496166

array([-205.28694652, -223.3811485 , -225.02472492, -224.79488058, -223.6682761 , -223.2293618 , -224.11846994, -225.17912869, -224.28061233, -224.0851964 , -218.16771289, -216.39841765, -223.72351676, -225.38826367, -224.07401572, -222.41445374])
-205.28694652

array([-207.9425799 , -225.94059914, -227.32412793, -227.49739293, -226.09630383, -225.83114062, -226.62844499, -227.67051875, -226.88882648, -226.45597286, -220.77214947, -218.96554085, -226.13785967, -227.94503606, -226.59375043, -224.98339894])
-207.9425799

array([-205.89270967, -224.73742297, -226.22210249, -226.29074681, -224.7108115 , -224.59666263, -225.46403078, -226.44306755, -225.51923742, -225.26584149, -219.61763439, -217.76729659, -225.01504846, -226.02430512, -225.14332282, -223.75575379])
-205.89270967

array([-206.97345792, -225.84242308, -227.31535757, -227.21591235, -226.04967854, -225.72008773, -226.52603818, -227.54620374, -226.7574848 , -226.48981251, -220.53206752, -218.95305084, -225.97409758, -227.16635027, -226.19584638, -224.83483228])
-206.97345792

array([-209.81357052, -228.65195786, -230.2156005 , -230.02716063, -228.87209015, -228.51315451, -229.22583269, -230.36078965, -229.48961688, -229.31222412, -223.38828898, -221.77546245, -228.91653856, -229.94722766, -228.96293414, -227.61826779])
-209.81357052

array([-207.52014773, -226.30028604, -227.88449039, -227.75643913, -226.58035064, -226.25721306, -227.08630026, -228.10526694, -227.25947713, -227.04150262, -221.04876456, -219.50474095, -226.67371625, -227.67650617, -227.03438765, -225.42403616])
-207.52014773

array([-211.29200873, -230.08476885, -231.60256791, -231.68121891, -230.29116013, -229.97061998, -230.78587492, -231.80989904, -230.98764006, -230.78469137, -224.80960291, -223.20805201,  -230.26190213, -231.41969492, -230.46344586, -229.09073505])
-211.29200873

array([-205.36494958, -224.24248224, -225.78607161, -225.67465431, -224.46520554, -224.1579615 , -224.92585316, -225.99045016, -225.13872666, -224.80512724, -219.14003714, -217.35929155, -224.541577  , -225.55079684, -224.62182716, -223.17387738])
-205.36494958

array([-206.90960718, -225.66396783, -227.27321794, -227.0135956 , -225.84593453, -225.52829202, -226.36935419, -227.4725675 , -226.51223582, -226.36190394, -220.35775804, -218.79399435,  -225.81530898, -226.98549965, -226.05652997, -224.69551587])
-206.90960718

array([-204.555529  , -223.4363731 , -225.02254937, -224.94850664, -223.65650539, -223.21759109, -224.0014497 , -225.13400882, -224.33916583, -224.09663936, -218.70734508, -216.36609545,   -223.71174605, -224.75262563, -224.08952439, -222.40268303])
-204.555529

prob: 3.958364008029913e-90
